Date ID,Confirmed Count,Confirmed Increment,Recovered Count,Recovered Increment,Deceased Count,Deceased Increment
20200322,2,2,0,0,0,0
20200323,2,0,0,0,0,0
20200324,6,4,0,0,0,0
20200325,7,1,0,0,0,0
20200326,8,1,0,0,0,0
20200327,8,0,0,0,0,0
20200328,8,0,0,0,0,0
20200329,8,0,0,0,0,0
20200330,15,7,0,0,0,0
20200331,15,0,0,0,0,0
20200401,15,0,0,0,0,0
20200402,16,1,0,0,0,0
20200403,16,0,0,0,0,0
20200404,18,2,0,0,0,0
20200405,18,0,0,0,0,0
20200406,21,3,0,0,0,0
20200407,23,2,0,0,1,1
