Date ID,Confirmed Count,Confirmed Increment,Recovered Count,Recovered Increment,Deceased Count,Deceased Increment
20200325,2,2,0,0,0,0
20200326,2,0,0,0,0,0
20200327,11,9,0,0,0,0
20200328,18,7,0,0,0,0
20200329,19,1,0,0,1,1
20200330,23,4,0,0,2,1
20200331,26,3,0,0,2,0
20200401,28,2,0,0,3,1
20200402,33,5,0,0,3,0
20200403,36,3,0,0,3,0
20200404,37,1,1,1,3,0
20200405,39,2,1,0,5,2
20200406,41,2,1,0,5,0
20200407,50,9,1,0,5,0
